118,2
0,278
221,4
221,3
221,2
221,1
221,0
0,545
0,544
0,472
0,9
118,1
118,3
220,49
220,48
220,47
220,46
220,45
220,44
220,43
220,42
220,41
220,40
220,39
220,38
220,37
220,36
220,35
115,1
115,3
10,247
10,113
10,263
10,199
10,33
10,87
10,235
10,317
11,13
11,20
11,26
11,14
8,5
8,6
8,4
8,16
218,3
8,9
218,2
218,1
218,0
216,4
216,3
216,2
216,1
216,0
206,4
206,3
206,2
206,1
206,0
205,3
205,2
205,1
205,0
193,3
193,2
193,1
191,3
191,2
191,1
189,3
189,1
188,3
188,1
182,3
182,2
182,1
153,3
153,2
153,1
138,3
138,1
134,3
134,1
133,3
133,1
132,3
132,2
132,1
126,3
126,1
125,3
125,2
125,1
20,3
20,2
20,1
19,3
19,2
19,1
12,3
12,2
12,1
11,30
11,28
11,27
11,24
11,23
11,22
11,21
11,18
11,16
11,11
11,10
11,8
11,7
11,5
11,3
11,2
11,1
10,315
10,299
10,273
10,265
